    0.8626    0.8961
    0.2626    0.2506
    0.7674    0.9727
    0.1439    0.1682
    0.9017    0.9815
    0.8457    0.9857
    0.7424    0.8371
    0.1850    0.2055
    0.7696    0.8436
    0.1530    0.2142
    0.7837    0.8670
    0.1546    0.1818
    0.7514    0.7392
    0.2900    0.2466
    0.0953    0.1763
    0.0041    0.1685
    0.1364    0.2715
    0.0846    0.0195
    0.1430    0.2951
    0.7357    0.7507
    0.2767    0.1684
    0.1957    0.2318
    0.9212    0.9599
    0.1625    0.0021
    0.8248    0.7896
    0.1354    0.0587
    0.9364    0.7843
    0.2361    0.1856
    0.0047    0.2673
    0.2285    0.2721
    0.2276    0.1142
    0.0993    0.1512
    0.8694    0.9302
    0.9340    0.8452
    0.9407    0.8413
    0.7608    0.8739
    0.9000    0.9030
    0.9828    0.9310
    0.1848    0.1986
    0.9973    0.8512
    0.8887    0.9378
    0.8346    0.8573
    0.2409    0.2004
    0.7656    0.7316
    0.0999    0.2642
    0.0319    0.0003
    0.7022    0.8766
    0.0391    0.0763
    0.7940    0.7693
    0.8029    0.8689