    0.7939    0.9045
    0.9990    0.5314
    0.9990    0.4686
    0.6841    0.9649
    0.9524    0.7129
    0.6243    0.9843
    0.1147    0.8187
    0.9524    0.2871
    0.1577    0.8645
    0.7409    0.0618
    0.9222    0.7679
    0.1577    0.1355
    0.5000    0.0000
    0.4373    0.9961
    0.3757    0.9843
    0.9911    0.4063
    0.2591    0.9382
    0.0476    0.7129
    0.0010    0.5314
    0.0778    0.7679
    0.0089    0.4063
    0.8853    0.8187
    0.0245    0.3455
    0.7409    0.9382
    0.5627    0.0039
    0.9222    0.2321
    0.8423    0.8645
    0.6243    0.0157
    0.1147    0.1813
    0.6841    0.0351
    0.2591    0.0618
    0.2061    0.0955
    0.9755    0.3455
    0.9911    0.5937
    0.9755    0.6545
    0.8853    0.1813
    0.2061    0.9045
    0.5627    0.9961
    0.4373    0.0039
    0.7939    0.0955
    0.3757    0.0157
    0.0778    0.2321
    0.8423    0.1355
    0.5000    1.0000
    0.3159    0.0351
    0.0089    0.5937
    0.3159    0.9649
    0.0010    0.4686
    0.0476    0.2871
    0.0245    0.6545
